636
2644
780
1815
2910
2905
2224
0
2226
885
0
0
1822
2881
880
0
882
1797
2212
0
2214
2209
888
0
2210
0
1804
1807
0
865
0
0
1802
0
0
0
1910
873
1904
0
0
0
0
855
2206
1913
0
0
0
0
2180
1895
182
857
2176
179
858
189
1900
2191
838
0
184
835
0
2293
0
847
0
841
160
1875
0
2301
172
2303
1206
0
0
1883
0
1861
1860
1215
0
145
1208
0
1210
0
1868
1191
1190
0
2280
2283
0
2261
0
135
0
129
0
131
0
0
2268
1175
2270
137
136
0
138
2245
1180
247
0
241
240
243
242
2253
0
0
0
0
0
251
0
0
228
0
0
0
1160
0
2098
0
0
0
1270
0
0
0
1266
0
2084
0
214
0
2080
0
1274
1253
220
0
2094
2089
1248
2091
0
0
196
0
198
0
1256
2067
194
1237
0
0
0
2073
200
0
202
0
2052
0
1246
0
48
2051
0
0
1220
0
2062
0
2056
1219
2058
0
0
0
0
1225
2160
1227
34
0
2172
47
46
0
40
1075
0
21
1084
0
2150
1081
16
0
18
0
2156
2159
0
0
2152
2155
1058
2133
0
2135
0
0
0
3
1066
0
1044
2143
1046
0
0
0
10
2117
0
119
1054
2113
0
1051
1050
2125
1028
127
126
1025
0
1027
1026
2485
1036
0
0
97
2480
0
1034
109
108
0
110
105
104
107
0
85
84
87
2470
0
0
0
0
93
0
95
94
0
1120
2475
0
1133
0
2455
0
2449
2448
2451
2450
2461
2460
0
78
0
1104
0
2458
0
1116
2439
0
0
0
2435
434
445
1092
0
446
0
440
2443
2442
0
0
0
1102
417
1096
0
1098
429
0
431
2558
0
0
0
1458
1469
1468
2535
2534
401
400
403
402
413
412
0
1446
409
408
0
0
0
388
0
0
0
1448
387
1450
2525
396
399
1430
1425
2520
1427
1426
2501
0
2503
0
497
2496
1435
1434
509
508
0
2510
2505
1408
0
0
0
2356
0
1422
481
2352
1419
0
2365
492
495
2366
0
0
0
2362
1533
1532
1535
0
2337
2336
1531
0
2349
1508
2351
1510
0
2344
2347
2346
1517
452
0
454
449
448
0
0
0
1492
0
2334
457
1488
1491
2330
2309
0
1503
2310
305
1496
2307
0
2317
1476
2319
1478
2313
2312
315
2314
0
0
1487
1486
0
0
0
290
0
1332
0
2430
2425
296
1331
298
277
0
1343
1342
273
2400
0
274
0
284
1319
286
0
0
1315
1314
1325
0
263
0
257
1320
1323
1322
2397
0
0
1302
1297
2392
1299
1298
373
372
0
2374
1305
2368
0
2370
0
2380
383
0
1281
1280
0
378
357
0
1295
0
2737
0
1291
2738
0
0
367
366
0
0
0
2746
1405
340
0
1406
337
1400
2723
1402
1381
1380
2735
350
0
1376
0
0
0
1388
0
0
0
2704
0
0
333
1364
1367
2718
329
0
1363
2714
1373
0
695
694
0
688
1371
1370
0
1348
0
1350
2697
1344
0
2698
1357
0
679
0
0
2800
0
1354
1717
0
0
686
0
0
2811
1714
0
1724
0
0
0
0
1723
658
0
2796
0
670
1697
664
667
1698
0
0
647
0
2769
0
1707
0
653
0
655
2782
0
648
651
0
1693
1692
1695
758
0
0
2755
1690
765
0
0
0
0
0
763
1666
1677
0
743
1678
1673
2608
739
1674
1781
748
751
0
745
2616
1779
0
2597
1788
2599
1790
721
2592
1787
1786
0
1764
0
0
0
2600
0
730
0
708
0
0
1769
704
0
1770
717
716
719
1750
1745
712
2587
0
0
0
567
1758
0
560
1755
1754
0
1732
1735
0
2569
568
2571
2570
1741
1740
2679
1742
1737
2672
0
1738
557
0
559
0
2681
0
0
1586
0
0
535
534
1593
0
1595
1594
541
0
0
2670
0
0
0
1570
2645
1580
0
1582
513
1576
515
0
525
524
2655
1558
0
520
1555
522
2629
628
631
1566
1561
2624
2627
0
0
1540
0
638
0
0
1539
634
1549
0
1551
2998
0
0
1547
1546
0
1652
0
0
617
0
1651
618
0
2980
599
0
2977
0
0
2978
0
0
607
0
601
2984
0
0
2965
0
583
0
2961
1640
1643
578
0
0
2975
2974
1617
2968
0
2970
949
948
2951
950
0
0
0
946
1605
2956
1607
958
0
1600
0
1602
0
0
1615
934
1609
928
0
0
1973
0
0
0
1969
936
0
938
0
0
1983
0
913
0
915
914
0
0
0
1958
1953
1952
1955
1954
1965
0
1967
0
0
0
1963
0
1941
1940
911
0
905
0
0
0
1013
1948
0
1014
1009
1944
1011
0
1021
1924
0
1022
1921
0
0
1018
2869
1932
999
0
0
992
2867
1930
0
0
1007
2038
1001
0
0
1002
0
0
0
2046
977
0
2043
2042
2021
2860
0
990
985
2856
2859
2858
2029
0
967
2838
2025
2832
0
2834
0
972
2007
2846
969
2840
0
2002
2821
0
0
2014
2009
2816
2819
2818
2829
0
1991
830
2825
2824
0
826
0
804
2935
2934
0
2928
0
0
2941
2940
1847
1846
0
0
2939
810
789
0
0
1854
785
784
787
0
797
2924
1831
798
0
2920
0
794
0
2900
775
0
0
2896
0
0
