631
1026
765
2374
767
2368
761
2730
763
1772
0
646
0
2376
0
2378
0
1780
2749
654
655
0
2745
2746
1779
0
1789
0
0
656
0
2394
1787
2404
0
1670
0
0
665
666
667
0
1677
0
1679
0
1673
1674
0
324
1685
1686
2423
0
1681
682
2419
2428
1693
2430
0
688
0
0
691
0
701
342
1703
2304
697
0
699
0
2317
1350
1711
0
0
346
0
1716
357
2326
1359
1712
2321
0
2323
2332
2333
0
0
1720
1721
0
363
0
373
0
0
368
369
2338
371
2348
381
2350
383
0
0
2346
2347
0
261
0
0
256
0
2354
259
2364
269
2366
271
0
0
0
1395
276
277
278
2503
2496
0
0
1403
1284
0
1286
0
280
1281
1282
0
292
0
1294
2519
2512
1289
0
1291
0
1301
1302
1303
0
0
298
0
1308
309
1310
311
1304
305
1306
0
1316
0
0
2543
2536
0
314
0
1324
453
0
1327
2544
1321
450
1323
0
0
462
0
0
2553
0
1331
0
0
0
0
464
2433
2434
467
1476
477
0
1479
472
0
474
0
484
0
2454
487
1480
481
1482
1483
492
493
494
495
1488
0
0
491
500
1501
0
503
2464
2465
1498
0
0
0
2478
511
504
0
2474
2475
388
0
2486
2487
0
2481
2482
0
0
0
2494
0
0
0
2490
1523
404
1533
0
0
1528
401
0
0
412
2125
414
415
408
409
0
1411
0
1421
1422
0
2128
2129
2130
2131
1428
0
0
2143
2136
1425
2138
1427
0
0
1438
439
432
433
1434
0
1444
2157
2158
0
1440
0
442
1443
0
1453
70
0
0
0
0
67
1460
0
2174
0
1456
0
0
1459
2052
1469
0
87
0
0
2050
0
1092
0
0
0
2056
2057
90
0
1100
0
1102
0
1096
1097
2066
0
108
2077
0
2079
0
1105
1106
0
116
117
118
2087
1112
113
0
115
2092
0
126
0
120
0
122
2091
4
0
6
2103
1128
1129
2
2099
2108
0
14
15
1136
0
0
0
0
2245
0
0
2240
17
1146
0
2252
2253
2254
1031
2248
2249
1026
2251
2260
1037
0
0
2256
33
2258
0
2268
0
46
47
2264
2265
1042
0
2276
2277
1054
0
0
49
0
1051
0
61
62
0
0
0
2282
1059
196
0
198
0
192
0
0
2291
0
0
1078
207
2296
0
2298
1075
2180
1085
0
215
1080
2177
0
2179
2188
2189
2190
2191
1216
2185
0
0
2196
1229
0
0
0
0
0
227
0
237
0
0
1232
233
234
0
2212
0
246
1247
0
1241
0
1243
0
253
1254
0
248
249
0
0
132
1261
2230
0
128
1257
1258
0
0
1269
0
0
136
1265
2234
2235
1276
1277
1278
1279
144
145
2882
147
0
0
2894
159
1152
0
1154
0
1164
0
1166
167
0
2897
0
0
172
0
174
2911
168
1169
170
1171
2916
0
0
0
1176
2913
0
2915
1188
1189
190
0
184
1185
1186
2923
0
0
0
0
0
833
0
2931
0
2941
0
0
0
0
842
0
1212
853
2822
1215
848
849
2818
0
2828
2829
2830
863
856
2825
0
859
2836
0
1870
2839
864
0
0
1867
0
877
0
2847
0
873
874
0
884
0
1886
0
880
881
2850
2851
0
2861
2862
1895
2856
2857
1890
2859
772
0
0
775
0
769
0
1899
0
0
0
2879
776
1905
1906
2875
788
0
1918
1919
0
785
0
1915
1796
0
0
0
1792
0
1794
1795
0
0
0
0
800
0
0
803
0
813
0
0
808
809
810
811
0
0
0
0
1816
1817
1818
1819
1828
0
0
831
1824
0
1826
827
0
0
0
967
960
1833
962
0
1844
1845
0
0
0
969
1842
1843
2948
0
0
1855
1848
2945
1850
979
1988
1989
0
0
984
0
0
1987
1996
1997
1998
0
0
0
2962
995
0
0
1006
1007
2000
0
1002
0
0
0
1014
0
0
2009
1010
0
2988
2989
0
2023
0
2017
2018
2019
900
0
2998
0
0
0
0
0
0
0
910
911
0
0
2034
0
2044
917
918
0
0
2041
2042
2043
2636
0
1926
927
0
1921
1922
1923
1932
2645
0
0
0
2641
1930
2643
2652
941
0
943
1936
937
0
0
0
0
0
2663
2656
0
0
0
0
2669
0
2671
1952
2665
954
2667
0
0
2678
2679
0
0
1962
0
2684
0
1974
0
584
0
586
1971
0
1981
0
2567
0
0
0
0
1604
605
2574
607
0
601
2570
0
1612
2581
614
0
1608
0
2578
2579
620
0
0
2591
0
1617
0
0
0
2597
0
2599
0
625
626
0
1636
637
638
2607
1632
0
1634
1635
2612
1645
0
2615
0
513
2610
515
524
1653
1654
2623
2616
0
522
1651
532
0
534
1663
0
0
0
0
2764
0
2766
1543
536
1537
1538
539
0
2773
2774
551
0
2769
0
0
2780
0
0
0
1552
1553
0
555
1564
565
1566
1567
560
2785
1562
563
572
573
574
0
1568
1569
570
0
0
1581
1582
2807
704
2801
2802
0
0
0
1590
0
2808
0
1586
0
724
2693
1598
727
1592
721
0
723
732
0
2702
735
2696
0
1730
0
740
2709
742
743
2704
2705
0
2707
0
749
0
1751
0
745
0
747
2724
2725
0
2727
752
753
754
2723
