657
438
2313
2786
691
692
2789
2318
695
2304
1697
2306
715
0
1701
2310
1703
0
1721
1722
0
0
2805
0
0
0
729
2322
0
732
1717
0
735
0
0
722
2347
0
0
726
0
2336
0
746
747
1732
2341
0
2343
264
2361
0
739
0
741
742
2367
0
2353
2354
259
2356
765
2358
263
280
753
754
0
756
757
758
2383
272
273
0
0
1292
0
278
1295
2392
0
0
1787
1284
1789
0
1287
288
1777
2386
291
0
0
294
1311
0
313
0
0
0
317
2414
0
1320
2401
1322
1323
2404
309
0
2407
0
0
2426
2427
2428
1317
2430
0
2416
1337
322
323
0
2421
0
0
344
0
346
0
348
2445
350
1335
2432
1353
2434
1355
340
0
342
0
0
361
1346
2459
364
365
2462
0
2448
0
0
0
1372
1373
0
0
376
0
2474
0
380
1365
382
383
1384
0
1386
1387
0
373
1390
2471
2488
0
0
2491
1380
397
2494
0
1400
2481
0
1403
388
0
2486
391
0
409
1394
411
412
413
1398
2511
2496
1417
402
0
0
2501
1422
0
424
2521
426
427
428
0
2526
431
2512
1433
2514
0
2516
0
2518
0
0
441
1426
1427
444
445
0
0
0
2529
2530
2531
0
0
2534
1455
1440
2553
0
459
1444
461
0
2559
2544
2545
0
451
2548
2549
2550
2551
2056
473
2058
475
1460
0
2062
2063
0
0
1482
2051
0
2053
1486
0
488
489
0
1475
0
2077
0
1479
1496
481
2066
483
484
2069
2070
2071
504
505
0
2091
0
2093
2094
511
1512
2081
0
1515
0
501
502
0
1504
0
0
0
0
0
1510
15
0
1529
2
1531
0
0
0
1535
0
0
0
2123
0
2125
0
31
1032
2113
2114
19
1036
0
2118
2119
0
2137
2138
0
2140
45
46
0
2128
0
2130
35
0
0
0
39
1040
0
1042
1043
0
0
0
63
0
49
1066
51
0
0
2150
1071
1056
73
74
2171
1060
2173
2174
0
64
0
0
0
68
0
2166
0
88
89
90
0
1076
0
0
95
0
81
82
2179
2180
1101
86
0
0
2201
1090
2203
0
0
1094
0
96
0
98
0
1116
0
2198
103
1104
0
1106
0
2220
0
126
127
112
1129
0
0
0
117
0
0
1120
2233
0
0
0
0
2238
0
0
129
0
0
1148
0
1150
0
152
2249
1138
2251
0
0
1142
0
0
1161
1162
2243
148
2245
0
1167
0
0
2266
2267
0
2269
0
1159
2256
0
162
1179
2260
1181
0
0
1168
0
1170
0
188
2285
1174
0
0
2273
178
2275
180
181
1198
1199
0
1185
2298
2299
2300
1189
0
2303
192
0
1210
195
0
197
2294
0
216
217
2826
2827
1204
0
1206
2831
208
209
210
1227
2820
0
1230
215
2840
1217
0
235
2844
2845
1222
239
1240
1241
1242
1243
0
2837
0
231
248
0
1234
0
0
253
254
0
240
0
0
2851
0
1261
0
1263
1248
0
0
0
1252
781
1254
783
768
0
2866
771
0
773
0
0
1264
0
794
1267
796
0
2894
1271
784
785
0
787
2884
2885
2886
0
808
2905
0
1795
1796
1797
2910
1799
800
0
0
1819
804
2901
806
0
0
0
826
0
1812
829
0
2927
816
0
2914
2915
820
2917
0
823
1824
0
2938
843
1828
2941
2942
1831
0
833
1850
0
0
0
2934
1855
1840
1841
1842
859
0
2957
2958
2959
0
0
1866
2947
2948
1869
2950
1871
872
2969
874
0
876
0
0
2975
0
0
866
867
0
0
870
2967
1872
2985
0
0
1876
1877
894
1879
1896
0
1898
883
1900
1901
886
1903
0
905
1890
907
0
0
0
911
896
1913
898
899
900
0
2998
2999
920
0
0
1907
924
0
0
1911
912
913
0
0
0
0
918
919
0
1921
1922
0
0
0
1926
943
0
0
0
931
0
0
1950
935
952
0
1938
1939
0
957
0
959
1960
945
1962
947
0
0
950
0
0
0
970
971
0
973
974
1959
0
961
1978
1979
0
0
0
0
1968
985
2570
987
988
0
1974
0
976
1993
2562
979
0
0
982
983
1984
1985
0
1003
0
1989
0
2591
0
0
2578
2011
2012
2013
2014
0
0
1017
0
2003
2004
2605
0
2007
1008
2593
2594
0
1012
2029
2030
2599
2016
521
2018
2019
524
0
2022
0
0
513
514
2611
2044
0
518
519
536
537
0
0
2636
2637
0
2639
2624
0
530
1547
532
1549
2630
1551
0
0
1538
2651
0
2653
558
0
1560
0
546
0
1564
0
2646
0
568
0
570
571
1556
2669
1558
0
0
561
0
563
2660
0
1582
0
584
0
1570
2683
2684
0
0
1575
0
1593
578
0
0
0
582
0
1584
1585
0
0
2700
605
2702
0
0
0
1610
595
0
2693
1614
0
0
0
1602
1603
2716
2717
1606
2719
0
1625
1626
611
0
0
0
0
0
2729
2730
0
636
2733
2734
639
1640
0
2722
627
0
0
2726
0
648
649
2746
0
652
0
0
0
0
2737
642
0
644
1661
646
2743
1648
0
666
2763
2764
669
1654
671
0
657
1674
1675
2756
0
662
0
2776
681
682
1667
684
0
686
1671
1688
0
674
675
676
2773
678
679
0
697
0
1683
700
2797
0
0
