9 12
205 186
20 25
5 1
192 207
15 18
175 186
9 4
42 3
358 338
51 67
12 6
200 226
103 111
13 8
109 143
129 149
123 119
20 18
2 42
123 104
10 12
106 135
90 96
16 22
51 27
18 20
87 101
190 165
8 31
12 22
17 12
9 3
10120 2147483647
101 84
126 124
346 398
129 183
374 342
16 63
302 306
362 346
56 72
22 47
266 236
211 233
26 31
129 180
48 86
46 8
6 22
4 16
21 60
103 94
138 140
289 263
20 8
358 346
12 6
218 223
3089 2147483647
5 38
12 29
31 27
72 63
218 277
4 5
40 49
272 306
200 195
5 3
13 0
25 16
6 12
22 44
110 82
14 60
8 12
4 16
81 72
5228 2147483647
7 49
2 5
144 157
68 109
3 0
312 358
55 65
52 60
2 12
4 31
2 14
8270 2147483647
102 60
46 35
122 140
30 33
113 104
14 44
197 186
212 207
66 44
202 236
16 16
44 38
104 106
305 354
10393 2147483647
2 14
48 101
5 14
13 6
31 25
6 12
32 53
86 72
128 91
54 51
356 367
23 4
2 14
20095 2147483647
38 29
13 27
39 35
20 20
21 8
5 24
11 16
83 74
33 20
7810 2147483647
3 8
64 84
212 256
4 25
11 47
212 210
209 236
12 20
6 27
392 426
156 140
7 2
57714 2147483647
177 138
9 18
143 154
7 16
9 10
5 10
19 31
32 3
14 60
3 20
12 18
52296 2147483647
50 35
2 8
18 26
39 35
84 109
10 27
203 266
18 8
2 27
7 22
57 79
55453 2147483647
462 471
39 63
2 0
11 31
45 77
421 411
9040 2147483647
4 1
8 8
93 42
4370 2147483647
2 63
5 8
47 40
31 44
52238 2147483647
12 10
70 109
15 2
15520 2147483647
4 33
5 41
19 12
5 4
141 119
6 18
4 6
45126 2147483647
16 10
18 38
2 12
84 143
36234 2147483647
207 246
30 38
26 47
375 384
36 29
2 3
10 0
30 35
117 111
6 16
8 44
5 22
96 119
181 154
177 165
23 27
48 67
7 3
155 135
14 5
10 5
199 130
242 204
14 16
8 35
48 82
176 171
10 22
5 4
16 8
110 132
20 10
15 16
18 3
193 177
2 18
20 35
69 84
153 183
335 363
23 6
210 217
11 24
75 51
25189 2147483647
103 67
242 243
133 151
5 30
2 14
4 18
465 440
303 306
50 58
11114 2147483647
12 1
364 416
20 8
12 16
131 168
7 14
32 56
313 326
76 44
288 292
4 12
9 33
22182 2147483647
8 27
69 86
9 1
463 466
22 22
32 60
16 63
40 40
227 246
17 4
174 213
352 334
13 49
2 43
28522 2147483647
9 5
275 249
13 25
20 0
5 16
244 229
7 10
22224 2147483647
4 18
89 124
6 12
50 38
10 18
93 31
98 117
2 14
2 16
8 25
31002 2147483647
4 2
7 18
15 49
2 16
53 53
66 96
82 44
48 49
8 60
472 482
12101 2147483647
16 65
36 4
23 25
107 65
69 63
26 31
4 3
364 318
24 22
490 538
117 124
13 53
83 104
10601 2147483647
9 6
140 104
30 8
124 111
2 24
6 47
66 74
25 22
7 16
10 29
20 40
8822 2147483647
2 18
2 3
202 198
3 16
4 22
52 51
11 44
2 25
175 189
45 47
21 4
38 47
24 25
24 33
2 16
5 8
29 56
165 195
237 266
9 51
41 63
29 27
17 6
11 33
107 146
7 14
70 99
8 16
6 10
10 8
112 124
228 210
8 28
15 18
50 47
2 6
115 109
28 35
5 22
2 14
2 4
8 14
7 10
127 89
6 14
464 350
65 70
12 8
41 12
14 14
6 10
16 27
4 4
285 342
461 435
46 51
20 65
2 14
4 8
39 47
97 94
9 6
13 10
28 38
22 29
2 0
270 243
131 127
37 29
9 22
11 16
20 58
2 5
20 14
45 47
2 20
11 18
22 1
180 204
4 1
57 67
144 138
151 160
39 25
240 243
32 8
8 22
2 33
20 60
327 306
48 18
10 14
14 4
104 122
25 35
212 192
15 33
124 124
390 416
6 35
354 318
35 47
132 132
18 26
62 35
8 49
4 14
16 22
2 37
134 183
105 49
34 12
10 24
35 20
67 96
32 16
4 33
4 51
20 27
195 207
2 10
413 435
4 42
12 25
20 22
20 20
8 3
8 12
4 22
82 56
147 154
2 16
24 49
145 154
101 132
12 27
4 10
13 33
31 0
8 35
9 4
13 5
8 67
100 117
176 210
27 42
174 180
4 4
6 56
59 114
14 1
123 138
9 3
17 20
96 86
11 12
21 63
12 8
22 8
488 498
55 20
3 29
14 12
193 195
67 40
10 5
26 0
148 94
23 40
126 130
24 22
407 402
4 35
73 35
20 38
268 243
42 65
111 109
19 38
8 22
30 35
22 42
70 29
2 6
20 10
18 53
22 16
54 27
390 350
2 16
9 6
2 12
8 27
4 8
18 14
73 67
6 5
20 35
2 58
6 37
130 94
9 20
2 14
19 31
12 60
337 288
13 44
78 63
14 10
37 31
2 10
4 12
36 40
82 42
10 16
56 94
6 31
17 5
13 40
15 12
13 25
5 3
20 1
92 96
4 5
16 27
169 180
36 10
14 38
4 6
7 10
55 89
14 22
3 5
154 204
10 6
232 263
6 18
157 151
79 84
6 12
2 0
2 16
223 213
3 14
20 0
21 39
5 31
332 346
8 5
14 14
15 31
164 168
54 42
303 322
12 31
17 10
283 306
20 16
2 16
7 44
20 49
4 28
81 79
4 60
144 146
6 24
4 2
4 56
115 119
22 20
30 44
21 42
197 195
3 14
16 6
37 65
8 2
122 124
2 0
5 12
172 192
108 127
24 18
3 8
419 384
10 27
256 239
2 25
45 58
4 2
2 8
4 10
112 82
4 27
14 29
256 243
87 99
10 14
5 33
4 47
110 109
255 263
116 99
432 407
33 35
4 1
2 5
20 53
45 22
22 29
4 47
8 27
27 1
10 29
177 154
15 37
34 40
376 371
6 10
20 29
8 24
23 29
179 154
25 44
215 183
9 38
68 70
12 10
27 27
12 22
4 1
30 8
49 74
11 18
4 0
20 10
48 65
8 29
23 14
23 25
6 44
43 51
4 49
261 253
45 40
227 210
28 12
15 14
2 10
120 130
39 16
6 12
2 40
150 168
29 40
6 6
107 127
8 8
17 5
25 38
2 14
4 0
16 5
257 236
21 14
11 67
175 177
108 117
286 229
2 38
2 1
14 25
2 16
12 22
20 40
108 91
24 3
4 35
12 0
32 44
151 154
61 49
19 14
23 20
42 33
2 49
348 358
2 12
17 22
105 74
17 16
197 177
7 1
18 47
66 51
45 27
9 16
19 22
4 22
90 74
22 3
16 40
4 8
12 12
11 22
11 14
23 2
2 29
218 266
5 12
11 14
25 40
5 20
13 18
160 177
20 18
111 117
20 16
16 56
6 12
5 26
4 2
9 51
2 58
12 3
18 0
8 12
20 1
24 22
4 14
2 10
445 471
33 49
17 1
8 1
7 24
204 213
20 65
116 70
262 233
323 326
27 27
5 8
4 1
39 20
17 16
2 12
9 18
10 42
132 132
128 180
2 45
9 22
238 210
6 2
8 29
129 127
222 270
12 31
8 5
5 40
21 14
123 119
10 38
128 149
228 229
27 16
7 12
8 12
7 0
4 8
113 79
2 10
61 44
17 33
2 14
8 22
8 63
4 25
14 16
134 135
16 0
41 20
6 44
6 40
139 135
10 12
6 18
7 10
33 35
2 31
70 20
253 277
9 29
224 233
4 20
108 79
148 111
441 515
6 25
67 91
104 63
253 256
3 10
57 44
9 29
10 33
14 22
70 104
371 375
27 35
24 14
13 22
10 22
5 28
42 10
14 12
2 27
33 70
12 0
10 1
6 44
20 20
2 24
48 72
11 10
32 18
5 8
8 1
14 56
88 106
26 16
7 39
3 8
22 27
292 288
33 38
2 10
310 350
4 8
17 16
16 29
27 0
177 213
36 27
129 109
14 22
54 44
13 2
15 0
63 79
2 0
4 6
3 24
69 89
27 60
2 12
452 461
12 3
6 2
20 12
319 334
10 5
4 20
9 0
237 207
2 22
219 192
6 27
314 354
32 27
6 18
9 35
45 35
27 29
8 6
283 270
12 35
165 135
352 431
138 174
44 8
20 33
2 22
2 6
11 14
133 122
12 8
26 29
15 56
294 236
61 25
16 26
3 3
57 72
18 20
205 223
4 0
2 14
202 177
18 33
15 8
8 8
24 16
14 28
8 8
402 367
15 8
14 2
126 96
75 63
14 18
20 25
14 29
13 25
71 70
2 30
16 5
4 3
18 3
37 8
5 4
11 51
18 18
16 3
17 22
20 18
20 35
2 18
5 42
67 82
35 40
11 38
27 22
5 35
2 52
16 5
7 16
78 82
6 10
9 16
17 8
78 106
81 106
20 8
37 33
14 24
10 38
292 246
17 47
16 1
40 3
8 25
10 12
45 31
24 0
41 1
15 18
11 16
4 8
4 6
2 6
8 8
4 38
7 5
12 30
38 67
13 20
11 38
6 8
8 1
13 18
186 163
12 53
2 14
234 243
27 20
6 8
4 38
10 63
88 94
11 8
118 132
36 22
28 20
80 70
6 20
4 18
4 8
21 14
23 77
10 3
4 1
457 371
17 5
259 263
24 35
3 41
358 350
8 1
4 10
13 22
5 52
43 51
20 56
26 10
20 16
2 14
4 47
8 47
499 515
18 96
7 0
10 0
34 20
20 16
27 40
13 18
3 2
114 84
29 27
2 14
2 20
7 60
60 47
189 207
16 18
13 1
70 60
336 310
2 3
238 223
36 58
8 8
2 5
13 38
50 40
9 27
10 38
135 127
5 10
110 109
6 8
20 16
20 30
126 189
9 1
365 398
5 40
31 58
400 398
259 288
146 171
4 22
180 201
59 70
283 310
35 25
4 22
39 119
135 111
10 1
16 35
12 8
96 138
4 30
6 37
29 22
10 84
9 8
2 1
15 24
10 10
30 38
122 130
19 38
20 40
6 8
3 26
2 22
6 5
5 22
20 0
16 12
7 22
98 114
4 51
58 35
16 8
110 67
370 384
19 12
14 65
21 5
192 192
19 39
8 1
4 51
356 354
9 4
163 195
2 20
3 26
354 334
8 33
7 14
52 27
275 334
7 22
7 18
13 2
31 70
32 29
16 0
121 146
21 14
290 253
136 109
7 10
26 29
8 27
59 20
123 99
4 8
6 10
27 0
10 1
16 16
9 8
8 42
25 1
10 63
117 143
417 450
16 5
12 1
3 14
2 6
164 165
68 72
100 124
2 10
316 384
6 1
12 22
23 6
9 8
119 160
8 8
38 22
5 24
13 20
10 27
8 18
140 160
3 14
12 14
16 49
13 14
60 38
14 33
4 8
5 18
45 18
2 2
14 18
3 2
49 29
4 12
306 330
142 163
20 12
5 31
106 106
8 42
21 10
15 8
10 3
3 5
21 53
22 1
7 16
20 16
24 33
351 322
141 180
4 42
297 256
6 49
450 426
14 12
9 47
2 47
132 119
10 47
2 10
37 49
3 26
350 346
299 314
2 8
12 14
41 29
116 96
24 22
106 91
14 16
7 40
4 2
2 3
422 431
10 16
83 91
2 12
164 132
2 8
16 29
2 12
4 16
16 40
4 33
2 0
41 27
24 84
4 20
6 29
6 39
212 183
9 18
66 20
9 18
5 16
422 440
27 51
9 14
44 42
110 146
24 94
174 210
6 16
20 27
6 35
438 407
60 89
3 51
2 1
387 384
111 124
28 8
4 5
89 86
8 51
5 3
282 260
9 16
77 84
9 38
9 22
7 25
7 27
12 22
104 127
126 101
37 51
12 27
3 8
9 2
13 47
11 16
3 1
177 143
4 37
4 0
13 31
15 20
162 143
4 16
36 14
36 51
254 260
348 346
3 18
19 14
39 14
320 256
228 236
85 94
57 33
10 14
16 65
12 31
3 18
402 411
8 37
8 20
20 18
13 1
301 367
219 220
199 284
283 295
4 27
27 20
17 51
67 74
6 0
2 35
7 5
10 14
123 186
18 49
8 33
147 119
4 6
9 12
2 8
66 67
10 8
48 94
5 5
8 18
11 38
116 117
26 3
5 4
3 8
6 0
4 22
2 25
7 39
96 86
466 487
12 2
5 5
16 49
43 18
164 154
13 12
2 12
64 58
24 3
22 1
5 22
376 346
438 411
18 29
20 29
5 28
213 171
363 393
41 51
7 24
20 86
207 198
5 27
20 27
20 67
2 26
13 4
2 6
53 42
7 27
10 20
198 183
77 106
19 14
29 16
316 318
205 192
14 8
5 18
20 18
7 5
7 2
51 22
9 38
92 135
107 104
114 89
300 322
10 29
6 8
4 3
44 47
5 1
6 16
7 8
2 18
14 1
66 47
4 20
4 24
116 117
3 4
145 143
227 186
11 5
12 28
174 223
4 33
128 124
28 63
22 31
77 94
2 16
20 60
127 154
12 8
286 310
157 117
11 25
10 51
121 94
9 3
5 2
5 16
15 29
116 130
7 10
463 435
407 426
7 0
33 33
3 12
14 27
4 28
28 2
2 2
11 44
9 2
2 40
2 6
8 22
88 77
10 3
132 140
139 135
9 22
16 33
28 12
20 53
29 35
4 5
16 16
10 12
145 151
13 22
5 33
20 10
94 56
370 389
24 31
194 177
298 330
50 51
21 47
8 35
39 94
16 25
14 74
22 49
2 10
6 67
310 277
6 1
2 35
343 393
104 89
2 29
6 33
42 16
2 35
18 14
23 12
2 3
10 12
11 0
5 18
7 26
7 4
93 58
265 226
28 42
18 16
6 1
7 8
266 249
8 12
2 27
43 42
22 33
124 99
4 8
4 5
27 20
13 14
4 14
250 233
7 4
6 4
2 6
217 236
2 4
20 16
78 74
494 476
136 151
12 104
44 8
48 5
20 25
14 33
32 14
39 51
269 281
3 40
203 201
11 12
16 29
2 35
211 186
318 326
9 12
3 14
2 3
4 14
3 26
4 1
9 10
20 33
6 26
278 260
6 5
149 135
25 16
10 16
147 168
8 20
47 10
16 38
27 12
20 38
15 22
10 38
4 16
2 35
129 183
5 5
7 2
9 28
8 60
4 5
4 25
72 86
7 25
5 16
80 109
25 70
93 70
6 22
4 3
238 217
5 16
17 8
2 35
11 72
5 20
35 31
5 16
70 77
2 5
4 18
11 8
44 33
497 466
2 1
9 29
2 60
2 38
159 151
2 56
408 466
248 253
4 1
87 109
14 20
16 22
7 8
8 3
2 5
9 14
418 398
12 38
5 16
180 168
15 8
4 27
20 22
9 33
2 29
24 53
5 12
5 10
20 53
3 30
13 65
11 72
43 60
10 6
122 127
2 33
2 1
43 1
7 29
12 16
3 18
116 138
6 22
19 47
6 28
8 12
5 10
4 16
15 18
26 2
21 24
9 10
10 18
10 45
27 33
12 38
118 163
4 18
2 18
10 2
9 25
24 14
2 6
20 1
170 246
2 16
26 29
7 18
128 146
179 189
2 22
119 58
20 0
20 2
10 27
15 25
20 25
13 16
172 198
2 43
8 22
4 14
11 25
5 2
369 398
12 2
14 14
20 28
8 22
4 16
372 358
4 16
18 40
45 44
2 16
6 27
28 63
4 35
4 20
11 29
5 16
17 20
11 22
16 3
12 58
7 14
4 52
204 243
22 51
8 29
6 3
5 14
50 51
10 14
3 20
8 35
8 3
8 51
16 6
11 5
110 106
18 56
12 3
66 127
104 91
16 50
131 149
4 26
94 84
2 2
5 10
261 256
10 12
14 16
224 220
3 20
5 38
7 4
13 51
4 16
4 58
48 60
9 18
14 35
16 25
8 38
183 168
4 63
4 22
26 31
163 140
27 33
3 49
33 53
7 12
20 42
3 14
5 12
5 29
5 10
9 4
2 5
10 25
168 177
441 431
6 24
251 263
292 292
5 29
6 20
2 10
20 42
5 60
291 263
167 174
20 53
475 466
7 24
13 16
8 35
3 12
123 143
12 42
4 8
10 22
13 10
134 160
4 16
3 0
17 6
4 18
38 49
17 5
2 45
140 124
2 25
18 10
4 8
6 10
2 49
4 10
10 20
450 466
21 27
4 18
15 56
5 5
11 14
189 177
4 18
9 18
215 223
20 29
2 16
54 42
72 79
84 143
6 18
270 314
24 31
6 24
20 42
7 22
10 0
62 27
2 6
6 16
171 143
2 1
309 306
20 35
9 31
4 26
108 140
2 33
4 3
12 6
20 42
4 4
4 3
4 12
4 1
8 35
2 30
4 10
196 204
12 0
9 35
16 25
35 67
4 3
9 18
20 31
9 14
3 40
4 42
10 65
8 8
144 124
5 8
19 20
124 122
9 33
20 20
10 12
4 5
2 27
356 354
5 12
8 22
39 22
6 27
11 49
117 101
90 130
13 5
19 25
2 8
16 2
18 49
2 39
22 31
100 77
9 3
99 89
359 363
4 28
20 2
8 18
12 40
3 12
6 31
15 3
13 27
56 60
2 33
57 31
7 2
2 10
3 3
352 402
2 35
48 99
2 6
2 0
34 14
97 104
2 1
35 49
6 27
4 16
4 0
6 63
125 106
110 56
10 70
53 42
2 12
12 12
326 326
171 132
206 207
8 40
2 31
219 198
7 4
10 4
329 303
20 38
2 24
5 4
18 1
223 239
6 37
4 18
4 1
4 33
4 6
13 6
5 10
123 106
12 10
189 186
9 14
6 6
8 16
20 22
2 20
4 6
6 42
214 217
7 12
170 132
8 40
6 2
8 22
140 154
10 5
2 1
126 143
10 12
11 38
194 210
2 1
140 160
385 367
10 8
8 26
9 2
142 89
246 274
10 8
20 4
10 33
338 358
241 154
172 168
14 22
12 1
20 89
282 284
7 14
7 33
215 183
104 149
8 4
8 20
266 270
3 38
2 42
2 47
110 127
12 25
30 16
6 33
110 89
3 16
2 1
8 18
9 25
2 49
4 10
4 28
2 18
363 322
20 84
260 292
438 476
20 14
2 28
334 367
82 56
23 6
181 165
6 1
20 16
4 31
2 5
216 236
2 10
126 143
9 2
5 38
21 22
26 8
10 29
2 28
86 72
30 10
20 0
18 16
460 411
9 20
2 24
4 2
108 89
2 12
8 33
42 22
7 5
10 3
27 27
32 10
4 10
56 67
80 77
10 51
12 18
27 20
8 29
49 74
9 2
6 40
9 16
122 117
7 4
280 292
6 29
17 20
2 24
263 253
16 8
293 310
80 91
148 165
4 12
6 25
14 27
17 18
6 18
14 6
16 24
10 12
7 10
104 111
4 24
9 3
7 10
12 27
4 24
32 42
5 18
63 51
4 10
14 47
320 314
15 12
4 42
16 12
2 26
468 527
4 0
2 8
136 149
41 38
41 44
14 44
490 532
124 124
7 35
43 27
8 31
50 106
14 20
17 18
55 25
212 246
9 43
5 24
2 4
10 22
20 8
139 109
12 0
15 70
4 10
58 74
20 25
6 6
2 14
4 0
12 6
11 53
160 165
3 12
12 6
12 25
27 0
124 130
2 26
3 16
2 1
2 48
109 96
2 8
4 24
12 14
6 28
4 18
2 31
196 165
16 56
2 0
17 38
9 2
3 0
21 25
3 8
146 140
2 1
302 338
17 18
367 466
14 27
2 6
7 16
6 52
384 334
8 20
6 0
92 79
6 0
37 0
33 40
2 33
200 217
4 6
204 239
2 16
15 2
8 20
20 24
4 56
23 42
316 253
15 25
6 25
8 6
62 56
4 6
105 77
24 29
4 8
10 33
6 30
16 18
20 12
9 14
6 16
179 163
4 18
4 10
3 20
116 114
9 2
339 342
40 33
2 20
214 201
24 5
7 22
72 106
224 223
149 101
112 168
12 6
2 0
94 77
38 67
18 20
8 5
6 3
2 10
5 20
469 538
4 4
2 49
8 22
7 29
366 380
20 40
47 60
297 288
4 20
130 132
6 6
3 14
18 4
21 56
84 53
2 33
12 27
18 3
8 12
20 63
229 243
376 342
495 487
117 177
137 135
6 22
4 16
348 389
42 58
73 89
24 58
93 86
166 149
16 33
8 20
4 8
3 24
58 58
12 16
7 38
8 26
4 6
416 342
10 8
275 226
493 646
7 10
28 42
4 29
25 31
402 411
6 39
7 0
4 18
15 22
424 466
240 201
2 10
66 25
484 476
238 223
6 49
16 4
6 58
123 109
4 14
24 12
7 8
2 22
102 74
4 49
140 117
2 16
2 39
24 20
105 106
2 8
6 51
7 20
9 8
12 27
2 24
8 31
216 260
42 65
42 79
4 29
49 70
2 5
401 346
2 31
95 91
8 42
10 18
6 49
20 47
8 35
50 35
18 6
11 31
4 16
4 20
2 26
12 5
4 12
34 53
6 2
2 10
4 27
2 30
82 67
210 201
6 8
10 31
2 4
13 16
56 72
2 4
394 371
351 375
74 84
136 114
10 49
2 2
2 0
46 67
6 12
6 4
74 47
4 2
2 26
9 16
32 63
44 25
3 10
6 22
28 77
2 48
6 5
4 43
4 4
177 220
4 18
8 28
124 99
69 44
15 5
2 8
4 52
8 20
5 0
10 5
2 2
35 25
23 12
8 22
6 3
7 8
228 217
3 12
10 20
155 114
4 67
9 6
6 18
15 51
8 42
44 47
11 12
9 10
130 89
148 180
7 51
2 22
20 20
4 5
3 6
218 217
46 33
107 117
8 14
6 12
186 157
21 74
2 50
2 18
3 5
154 143
193 198
2 20
5 16
340 334
344 380
2 33
16 3
88 94
176 246
2 16
126 138
55 72
8 2
286 236
204 204
22 49
101 94
5 22
7 18
10 8
216 220
7 16
15 49
20 18
400 440
15 0
128 91
10 10
189 177
23 47
2 16
6 16
2 14
8 1
3 14
100 114
389 421
2 8
5 24
364 363
4 40
18 20
20 8
14 10
5 16
2 33
20 2
42 22
2 14
103 114
20 4
262 277
8 12
2 2
4 1
7 18
9 12
10 22
7 12
7 20
4 1
8 18
5 6
4 0
2 56
8 24
48 33
3 8
24 14
20 16
2 16
6 10
4 22
8 10
107 122
10 60
52 33
2 18
10 8
271 277
125 86
13 51
28 20
73 89
14 20
20 0
12 12
15 10
8 20
170 192
6 33
9 16
9 0
127 151
106 124
6 0
116 101
190 201
4 1
8 24
374 326
2 12
2 14
4 20
18 18
15 1
5 10
10 29
9 3
36 29
14 18
54 58
2 18
2 83
19 38
9 35
2 24
55 72
5 18
20 29
10 18
132 82
7 38
468 498
180 151
4 5
32 77
4 8
20 0
24 31
2 5
5 8
66 104
2 35
10 14
215 292
2 20
4 51
20 0
12 47
25 40
2 14
42 67
5 18
12 14
50 104
3 4
2 30
27 77
3 4
2 42
2 10
36 47
2 10
4 3
5 25
4 29
8 22
12 27
9 3
6 49
146 135
484 476
6 8
2 14
292 292
4 14
2 3
3 22
3 4
11 16
54 65
60 74
20 35
2 22
11 8
12 53
34 16
153 143
60 67
12 14
4 31
20 4
4 18
102 67
4 12
237 226
4 18
9 30
140 198
36 63
2 8
10 47
20 42
20 31
184 217
2 3
106 124
47 40
2 28
3 2
124 130
2 18
6 42
136 163
484 435
90 151
8 40
8 2
4 16
4 31
153 109
284 299
277 330
112 135
10 20
46 31
11 38
36 40
7 16
106 114
2 22
355 318
9 40
420 393
9 1
176 146
48 40
10 47
7 30
25 20
22 51
128 174
12 58
197 201
4 8
3 2
4 16
4 12
7 5
8 22
36 29
9 33
3 3
6 5
20 31
2 16
6 48
2 4
8 8
121 86
2 27
13 35
8 0
9 10
13 8
5 38
389 402
27 60
4 2
6 14
20 16
491 461
2 8
4 47
2 2
8 18
183 195
13 2
14 25
2 33
4 27
176 226
16 40
218 186
4 31
3 0
112 149
8 12
6 10
116 183
138 122
5 2
5 18
16 12
4 14
20 10
2 0
20 42
20 109
31 79
10 40
21 14
6 18
104 101
3 5
2 14
4 38
2 20
8 14
12 30
4 49
499 440
20 12
106 106
257 243
2 38
51 31
21 14
4 0
5 16
21 20
2 44
148 114
5 8
61 33
8 18
56 84
2 1
358 318
3 27
12 40
8 0
16 14
105 72
2 29
132 96
9 18
5 29
8 8
10 3
2 6
6 5
13 44
8 10
2 10
4 26
2 44
6 1
264 256
64 42
5 14
20 42
12 10
6 12
2 14
4 28
134 140
8 20
21 20
3 5
17 56
20 31
20 58
9 16
5 0
377 411
2 38
3 27
10 10
80 119
121 117
24 31
4 16
247 220
6 25
2 33
396 334
8 8
328 322
45 22
10 6
4 33
2 20
41 70
328 402
323 318
12 10
30 106
151 151
6 8
69 82
232 236
20 39
2 10
4 31
22 0
306 284
2 40
4 12
18 5
183 140
20 35
95 106
20 8
113 130
20 63
8 33
2 10
453 509
6 8
67 47
20 28
5 18
3 18
3 5
8 10
2 14
7 6
230 295
14 4
155 149
20 18
26 16
42 77
42 58
2 16
200 177
4 6
3 2
4 3
9 51
225 210
7 2
224 183
2 38
3 12
198 223
2 33
140 149
10 14
20 2
275 256
6 24
148 109
2 42
8 4
2 1
2 12
10 14
30 8
166 149
132 106
150 132
4 0
3 29
7 16
346 358
109 124
341 411
211 239
207 204
4 44
3 38
5 2
493 476
4 24
212 183
20 22
9 25
8 22
20 22
12 12
27 31
32 33
2 29
4 37
5 29
20 74
100 135
156 198
16 22
5 41
4 14
16 42
28 42
20 12
3 16
130 163
70 111
7 35
5 22
3 18
4 10
148 157
6 12
96 79
8 3
18 6
10 40
10 49
20 56
3 31
4 18
2 5
3 14
17 8
2 14
6 12
4 39
4 16
4 53
12 91
7 3
280 277
9 18
32 2
184 195
5 43
6 29
110 77
11 18
6 12
4 10
15 6
2 5
3 22
13 47
5 22
7 10
352 342
36 31
113 154
2 35
11 40
2 8
16 33
284 322
8 18
11 27
4 8
4 10
52 14
18 77
198 210
102 111
3 12
41 35
60 53
20 42
13 25
7 6
5 10
2 1
368 416
10 2
120 101
10 58
4 14
2 10
161 160
3 20
4 27
128 132
4 12
6 10
6 1
8 49
416 487
223 210
9 22
8 0
3 27
86 56
2 25
8 14
18 8
253 204
10 14
9 18
10 31
14 27
50 70
10 42
7 39
7 1
13 3
20 56
46 44
12 40
18 8
5 8
20 10
120 106
54 91
26 33
20 22
24 10
6 40
20 35
7 33
20 38
12 67
2 4
10 18
238 246
14 22
139 157
7 58
8 47
4 16
80 84
2 40
130 65
5 16
2 10
67 40
23 29
8 8
4 14
4 6
4 31
294 295
10 2
15 26
114 84
2 63
145 165
484 455
96 91
2 16
240 236
113 127
12 14
7 26
20 2
2 33
4 26
16 58
334 342
4 24
10 22
242 243
11 33
10 25
6 16
16 42
5 12
3 0
8 2
2 5
2 5
4 16
216 220
4 30
6 10
4 12
4 1
28 29
7 35
108 47
6 0
13 60
332 398
20 65
6 14
8 12
18 58
8 35
2 43
3 30
2 8
5 31
168 223
4 12
4 2
4 1
9 6
7 6
211 229
7 5
58 40
5 14
54 60
20 0
6 63
56 65
17 25
2 2
6 41
26 18
207 256
16 1
4 20
2 8
2 28
12 18
2 12
2 20
14 20
12 40
4 16
5 67
20 6
12 33
275 310
2 12
5 44
4 0
187 198
4 3
2 3
6 12
4 12
2 12
4 47
2 35
7 16
145 168
14 43
2 0
8 4
2 10
300 303
2 26
4 14
9 44
126 119
266 249
16 2
4 38
4 3
135 140
20 8
490 504
8 18
3 4
119 146
14 29
12 22
6 18
2 35
12 12
102 89
5 0
4 10
2 41
68 44
6 18
20 29
2 20
105 109
16 22
5 31
4 47
9 40
192 192
4 42
2 8
113 96
12 27
72 91
472 411
132 149
2 0
8 16
12 38
8 6
4 38
16 18
8 18
3 5
6 1
7 8
8 42
8 22
39 31
2 2
92 122
3 12
9 25
368 393
2 2
2 2
2 4
114 122
12 8
234 201
20 14
20 58
8 6
114 91
4 0
3 6
4 18
7 20
2 1
2 10
4 50
4 0
15 33
2 2
106 99
2 18
5 6
191 177
5 18
239 226
276 270
2 51
9 18
295 314
12 52
92 111
6 0
3 33
2 3
4 14
462 421
17 29
2 6
2 0
130 151
8 14
9 27
13 8
408 407
14 20
52 67
9 22
74 44
23 1
8 16
166 149
2 8
82 72
327 346
10 29
4 14
6 25
20 16
13 14
2 0
9 27
132 114
20 1
110 96
2 18
11 4
6 16
4 16
4 2
33 60
14 67
37 18
2 4
3 10
462 487
5 47
102 89
2 14
8 8
3 18
2 12
34 58
8 30
12 18
10 6
136 119
254 281
19 1
12 51
15 20
8 4
116 111
2 43
124 186
5 8
8 18
217 253
3 12
102 130
20 47
2 1
222 210
4 16
344 363
3 8
28 29
4 1
180 168
246 281
6 2
6 22
20 10
2 3
12 20
236 229
5 8
32 42
6 25
2 8
2 25
6 4
5 26
10 16
2 12
8 22
30 53
31 49
63 82
4 22
2 2
2 4
4 38
8 31
141 149
2 33
183 174
2 10
188 189
66 74
230 217
98 132
2 14
9 6
174 138
156 195
5 4
192 249
3 14
6 25
4 16
15 26
2 2
149 86
3 8
3 3
17 29
6 42
184 204
4 1
91 86
5 24
2 14
2 14
2 56
252 284
5 12
17 22
4 10
5 8
2 16
20 5
4 16
122 132
4 12
2 8
288 253
2 18
62 124
18 8
20 33
65 104
2 38
2 4
2 47
14 27
15 18
2 14
3 1
4 37
4 22
128 140
16 25
89 109
20 8
54 56
8 25
4 18
2 14
10 31
92 168
6 4
3 12
2 0
4 14
5 29
8 8
2 8
20 33
20 35
9 22
260 253
224 226
4 10
5 37
2 42
2 8
6 3
330 358
10 16
2 14
316 263
16 29
210 201
10 0
2 18
14 10
4 40
5 5
6 20
120 77
2 8
472 498
10 31
5 0
2 28
6 16
163 195
2 1
28 67
9 56
168 174
13 1
2 25
2 14
2 4
32 14
214 210
16 0
4 8
373 384
22 0
6 25
4 44
6 0
9 27
20 4
20 38
2 3
4 2
25 38
432 416
9 18
8 2
9 14
6 52
9 22
76 60
2 22
2 10
335 274
74 74
14 8
10 8
10 12
3 29
8 0
39 18
6 8
118 160
3 18
140 96
174 151
3 37
4 4
4 0
158 149
6 16
20 42
4 0
64 94
20 56
106 117
7 24
18 31
176 84
8 8
8 10
4 1
2 20
158 89
20 4
2 33
328 326
2 10
2 8
124 132
5 10
20 63
18 6
2 8
10 0
64 96
2 8
2 35
3 10
9 40
24 47
2 16
38 18
134 135
4 18
4 2
429 363
204 217
6 18
6 10
8 3
6 0
12 35
484 482
3 10
4 60
2 39
4 3
9 8
74 82
6 30
2 35
370 371
10 14
2 53
100 140
6 10
4 5
261 253
7 35
2 30
7 6
8 37
182 189
7 2
106 101
133 183
20 16
6 26
6 3
32 20
2 33
226 270
19 5
434 440
2 31
14 12
128 146
6 16
8 22
10 1
245 256
10 22
110 117
166 180
20 22
372 402
4 31
180 204
5 31
20 40
4 18
12 18
3 5
8 10
2 18
2 16
322 326
2 10
2 8
4 8
11 31
8 0
11 14
8 22
7 8
20 6
6 14
4 26
14 22
280 223
38 49
8 51
154 186
2 37
28 8
9 24
6 14
4 3
4 10
8 18
6 5
2 18
7 14
12 20
24 25
8 44
8 33
2 29
40 25
136 101
2 33
16 42
52 56
12 14
3 10
156 183
7 20
68 25
3 12
4 4
4 35
8 20
26 53
2 22
42 20
2 6
2 38
6 33
2 8
12 35
2 35
3 12
20 40
6 53
4 18
90 84
5 6
129 111
20 31
6 3
6 12
12 27
7 6
64 67
12 18
10 4
2 1
6 20
128 151
2 25
218 183
344 346
79 82
108 74
52 67
9 33
2 26
20 3
9 8
23 31
172 160
2 18
2 22
4 29
2 8
12 40
2 10
2 16
5 5
2 33
347 363
8 8
20 16
2 8
6 25
2 3
153 189
187 174
2 25
4 26
4 29
7 16
4 16
6 41
4 12
16 27
4 33
20 24
42 79
8 2
96 174
4 12
20 16
8 18
4 25
3 8
7 8
10 22
3 18
30 42
5 31
6 16
4 31
2 2
32 35
16 47
2 26
20 31
2 22
2 0
16 47
7 14
2 18
330 371
114 91
3 20
74 70
55 14
7 33
2 22
10 8
4 52
9 25
13 14
7 28
369 299
5 35
3 10
2 12
170 210
2 12
6 0
2 3
2 10
2 10
116 111
55 42
113 143
4 18
55 77
6 3
2 10
16 3
6 14
4 8
93 127
34 58
154 154
2 18
49 67
5 25
6 12
6 20
4 22
2 25
384 393
8 27
174 210
4 22
10 12
12 8
20 47
322 354
4 12
5 29
8 4
8 31
78 65
2 12
82 96
22 24
11 18
130 89
2 3
22 4
12 67
8 33
15 63
4 18
196 239
7 6
20 29
20 8
4 0
4 12
8 29
8 12
8 16
42 40
6 20
107 109
2 2
6 26
160 124
4 18
13 3
20 60
22 22
9 30
6 10
5 2
4 22
28 0
2 3
21 47
4 25
2 1
322 292
2 67
5 16
20 20
2 8
47 67
20 27
2 29
2 10
258 239
4 27
118 140
2 6
3 5
7 12
20 53
2 51
16 0
4 10
6 14
2 10
3 12
114 119
222 168
220 217
116 124
10 38
4 16
2 8
6 4
288 306
2 18
135 119
48 33
336 363
2 2
173 204
10 14
2 6
4 33
20 16
52 65
20 49
2 29
492 563
4 16
46 35
104 42
6 38
4 8
14 12
24 12
2 22
128 101
2 40
8 42
16 25
5 5
45 67
9 30
128 135
20 24
12 42
2 3
12 6
10 18
4 10
4 12
14 25
2 3
2 49
48 33
12 31
7 0
23 12
6 1
7 8
2 14
10 12
6 16
340 375
312 306
7 0
336 318
3 1
3 22
3 14
2 31
6 12
5 58
3 12
2 10
2 10
10 18
138 117
3 8
12 3
46 18
2 8
226 249
262 266
6 4
6 18
138 165
2 42
8 35
6 12
16 16
49 79
201 171
2 18
2 44
2 6
8 6
7 10
34 38
10 16
4 29
4 10
6 4
4 18
5 8
20 44
24 53
4 1
4 8
2 27
20 0
10 12
2 1
8 33
20 10
4 10
5 28
4 12
6 10
6 33
54 106
9 0
7 1
232 284
32 6
4 22
26 1
6 12
24 14
2 18
5 12
5 49
3 10
10 12
4 2
5 22
4 25
5 52
20 60
10 20
28 20
4 10
5 22
112 89
3 16
4 6
224 183
2 10
2 5
188 177
4 35
4 8
60 56
250 243
20 2
22 56
6 18
2 20
68 53
220 260
16 27
10 18
172 157
3 20
4 18
434 440
10 10
8 10
8 8
2 16
36 3
3 10
4 14
28 2
6 2
6 27
6 31
28 10
94 74
16 16
6 31
2 16
6 24
356 358
20 44
2 4
2 16
168 174
6 25
2 33
2 5
4 14
2 4
2 77
3 18
160 157
36 31
2 2
2 8
72 86
165 183
6 10
20 6
10 10
188 236
3 25
2 4
2 16
20 29
255 226
263 322
3 16
16 14
8 14
14 33
2 5
184 239
82 65
17 29
60 49
9 53
3 14
2 14
281 295
4 4
15 18
52 56
6 20
176 168
173 151
78 16
32 25
2 3
104 138
5 8
4 16
9 56
17 31
4 12
30 77
2 5
84 91
6 12
7 8
4 60
7 0
131 99
30 3
74 119
2 8
12 33
8 67
20 14
3 2
7 8
5 22
31 40
250 266
18 31
2 10
192 274
74 96
188 177
18 18
4 4
2 18
4 43
6 10
486 435
4 14
76 106
20 44
184 186
134 109
16 20
8 10
2 20
156 174
2 5
6 47
276 270
2 14
2 35
2 27
2 16
5 12
42 42
4 14
2 38
3 26
4 22
64 56
4 49
5 52
2 10
20 79
24 12
217 226
4 0
99 135
2 16
20 2
110 140
20 29
24 12
124 117
320 299
376 358
7 5
276 330
92 51
2 5
158 192
2 0
37 67
18 4
6 25
2 42
5 0
7 2
5 18
5 18
4 43
2 25
2 10
5 25
19 42
12 16
4 8
483 482
304 330
2 16
2 20
2 16
352 375
2 31
2 18
20 22
260 277
20 0
2 1
36 49
9 3
4 58
20 8
2 20
2 8
6 0
6 25
10 2
20 38
180 210
2 16
4 18
3 47
5 20
236 263
6 0
36 31
2 45
94 106
12 16
446 466
15 2
2 6
7 27
2 24
4 1
22 27
126 174
4 42
163 186
171 204
2 1
101 127
6 3
6 10
8 10
77 99
2 54
20 12
8 4
6 6
8 18
7 14
3 3
2 25
10 25
388 338
2 47
56 96
20 74
2 14
4 2
20 42
6 26
40 42
51 42
4 1
9 0
8 12
20 25
4 1
3 2
10 3
4 40
5 31
18 22
2 16
22 12
12 5
4 16
120 140
3 26
5 12
28 1
8 24
20 47
2 18
2 14
20 8
6 6
4 25
8 16
56 33
8 18
2 1
52 89
8 8
2 14
31 58
20 33
5 18
20 14
3 4
20 22
6 12
129 157
4 8
12 18
6 27
2 33
8 8
20 42
154 146
12 30
5 26
2 26
20 0
6 8
4 26
109 143
16 31
3 14
3 49
9 72
2 26
8 22
51 74
20 8
4 51
2 10
20 70
12 12
10 31
2 27
14 12
2 10
290 310
65 25
20 5
2 18
2 28
7 29
20 27
16 22
84 109
3 18
2 2
5 20
184 192
90 70
63 38
75 51
15 2
18 38
42 25
3 47
3 16
2 12
4 60
3 25
36 14
20 16
2 18
326 338
4 10
2 6
24 44
4 18
2 24
145 157
244 220
194 201
12 14
130 140
4 0
6 14
7 10
3 12
10 33
8 24
4 22
2 33
62 86
132 180
18 72
10 4
7 18
12 14
5 25
2 33
2 16
4 5
2 25
73 67
2 0
6 18
8 6
2 38
5 16
2 33
4 18
126 130
96 174
7 24
12 5
20 4
128 130
4 22
15 16
104 114
208 195
20 31
3 52
190 217
12 1
16 14
8 0
2 12
2 6
4 8
2 8
5 12
123 127
114 151
12 6
108 143
4 0
4 30
9 8
2 35
20 72
40 29
214 239
40 25
32 8
3 6
2 31
82 42
9 28
64 67
78 101
20 14
95 67
18 22
6 14
8 27
8 27
28 16
6 5
345 358
7 26
12 18
135 207
5 29
4 14
166 204
2 58
4 1
58 49
2 24
7 14
4 1
2 22
104 96
174 168
146 119
308 318
264 266
2 4
5 8
6 30
22 42
10 20
20 3
308 338
4 14
6 0
2 8
70 53
8 20
2 18
6 20
8 1
8 2
4 12
20 3
4 8
2 24
120 79
21 18
4 0
6 20
2 8
4 31
4 47
15 0
8 41
2 16
434 380
4 10
6 3
2 51
9 20
2 2
20 35
181 189
10 4
20 20
257 277
2 38
9 29
2 31
4 10
42 60
8 8
6 26
20 25
3 12
2 28
4 2
4 27
6 24
4 39
2 22
7 39
4 16
4 20
201 207
5 14
20 5
8 16
2 29
2 43
20 27
14 47
121 143
256 256
114 127
4 24
10 27
8 10
8 50
8 2
2 41
38 3
20 63
9 27
53 33
2 26
268 201
2 29
2 0
2 16
2 10
3 12
2 33
4 10
7 4
38 42
4 12
2 12
2 28
6 14
20 22
4 29
4 33
20 40
32 22
2 49
3 2
12 43
5 33
2 0
2 24
20 1
8 33
4 16
8 22
4 12
4 31
8 24
6 2
4 22
8 5
2 31
3 5
12 27
12 10
4 35
2 33
4 18
20 14
4 18
2 10
22 12
2 10
4 20
2 5
4 31
3 4
8 4
18 40
4 3
2 6
10 31
5 12
60 96
20 14
4 3
9 18
271 270
4 4
2 0
2 27
8 1
2 14
244 229
10 18
16 14
13 10
20 101
36 25
2 6
7 16
23 56
4 14
2 14
222 229
20 38
35 33
8 1
10 27
2 35
5 18
2 38
2 12
4 29
2 29
20 25
2 2
20 3
62 65
172 213
5 10
8 28
2 0
6 1
3 2
404 375
213 192
168 174
4 8
12 1
4 51
48 79
4 3
16 16
76 53
8 14
12 2
14 14
6 8
4 16
2 22
4 8
2 38
35 65
6 31
24 5
112 56
114 99
13 8
6 0
12 22
4 12
2 3
2 35
6 33
2 26
8 51
4 30
9 8
37 44
24 16
4 22
3 27
20 27
16 35
110 44
456 504
28 10
2 12
4 2
4 12
20 10
2 3
378 342
3 20
4 16
2 20
2 27
155 210
6 31
2 0
20 14
16 18
6 50
2 26
8 3
134 130
224 229
364 358
5 16
12 2
230 229
2 37
2 8
104 86
20 53
8 35
3 53
6 22
2 31
4 27
20 25
8 44
2 1
6 47
3 47
148 130
32 16
4 38
237 217
6 8
4 25
2 30
134 127
2 18
8 74
10 38
121 135
56 127
3 33
2 0
4 47
90 84
22 22
2 16
6 0
16 14
18 12
6 16
12 22
5 10
5 4
4 25
18 22
97 104
9 14
6 10
2 30
60 33
2 8
189 223
8 22
2 22
10 8
62 77
7 1
8 30
143 149
20 0
2 30
3 20
176 160
12 3
2 3
3 43
166 201
8 5
59 70
20 8
2 1
4 3
5 18
8 8
2 22
12 56
16 27
192 192
2 3
2 1
99 53
20 0
4 16
4 42
20 35
2 1
5 12
2 44
37 63
2 8
4 20
10 1
20 8
150 140
20 53
3 16
40 42
2 38
20 25
4 60
20 26
8 20
20 40
8 33
69 70
6 40
4 16
20 18
20 14
2 5
20 49
54 27
203 180
10 5
4 12
108 138
2 2
4 10
40 47
4 35
26 5
2 16
159 151
4 8
8 26
36 16
5 29
170 135
4 29
20 10
20 6
2 10
222 220
16 70
20 8
2 6
190 223
4 5
6 8
16 22
20 27
8 72
12 22
10 22
4 1
386 393
20 12
2 45
142 111
139 140
236 253
4 0
32 12
20 10
8 28
2 30
3 56
8 6
4 1
2 5
4 10
117 151
4 8
2 2
32 18
10 26
5 14
16 35
13 12
32 53
2 18
20 12
6 27
2 8
2 3
7 6
3 27
6 12
2 24
4 8
3 12
16 6
10 33
228 243
12 12
4 12
48 12
3 6
92 84
162 132
4 12
4 8
8 0
100 65
20 14
6 24
47 77
22 60
4 5
20 25
5 16
4 5
6 4
365 398
258 260
28 47
6 18
162 192
2 47
74 84
22 22
10 10
3 8
20 44
2 6
28 42
10 14
6 5
198 207
106 104
2 2
20 51
461 589
6 14
191 180
2 8
81 117
12 2
4 6
2 33
3 26
6 10
2 3
70 114
124 124
8 16
236 213
2 49
78 77
4 16
6 26
5 0
122 77
20 72
2 18
60 42
19 53
8 22
14 14
2 16
434 380
4 35
2 22
3 31
2 24
20 10
10 22
16 10
40 35
5 10
4 35
182 157
8 24
2 16
8 14
4 27
2 10
2 28
3 5
2 35
19 14
2 25
14 27
20 16
8 1
8 16
2 12
2 25
4 16
148 165
10 20
2 26
2 41
6 22
3 10
136 183
5 20
2 8
152 106
9 10
6 2
12 18
8 8
4 16
208 243
16 22
11 5
6 31
20 14
6 25
4 30
18 0
5 20
4 10
104 82
20 8
4 18
2 51
20 35
12 8
138 140
2 20
70 96
14 27
190 198
2 20
2 12
16 14
8 0
2 28
5 31
2 56
68 65
2 10
150 168
3 6
6 8
178 160
335 426
16 27
16 51
4 18
9 1
2 14
12 42
2 43
2 22
20 35
5 27
372 346
92 135
147 130
11 40
412 450
4 31
12 42
2 16
4 12
8 4
6 30
2 35
278 314
20 53
373 358
13 10
8 3
3 10
12 70
74 74
6 14
2 14
7 2
66 47
48 35
20 18
22 27
6 8
4 29
232 260
5 29
20 5
8 40
114 135
2 43
102 132
4 33
7 16
4 8
2 8
2 18
30 0
368 330
2 41
3 18
2 14
3 8
4 31
4 10
2 20
16 40
378 375
5 56
5 29
34 20
443 515
8 0
2 26
4 29
2 14
6 4
3 24
20 38
20 12
2 24
139 138
6 20
2 8
8 40
10 22
204 198
2 24
22 16
12 0
6 0
312 292
4 26
4 53
2 22
34 42
4 42
56 74
22 42
20 16
124 114
20 5
20 1
6 1
6 10
394 393
20 16
7 31
252 210
282 266
2 31
3 12
16 4
48 18
9 26
72 86
4 8
218 236
20 14
16 0
282 266
12 2
3 14
52 40
156 163
2 20
2 29
2 18
3 33
20 12
17 79
9 38
28 2
27 18
98 96
7 18
7 20
4 0
142 151
18 27
2 22
14 1
4 4
4 10
2 8
10 0
58 47
20 16
2 1
62 35
122 122
4 12
138 160
4 26
72 109
5 29
2 27
2 22
313 326
216 239
20 20
8 0
2 6
2 2
2 27
202 236
4 5
40 51
2 18
18 44
2 25
2 3
430 431
4 2
44 44
206 207
2 1
20 2
2 18
2 3
4 12
34 65
20 16
4 16
4 35
4 24
17 42
222 229
2 35
16 35
2 16
10 14
5 27
262 236
10 5
2 0
4 2
20 14
2 12
200 183
37 10
2 14
2 12
12 27
308 303
2 3
4 31
6 10
8 8
16 56
41 16
2 27
2 2
88 82
25 29
4 18
2 25
2 8
2 28
14 6
2 14
2 8
4 0
6 18
2 6
4 14
116 135
14 27
2 38
2 2
8 14
2 44
2 18
4 12
4 12
238 288
10 35
12 5
3 39
424 358
4 18
20 25
4 16
180 204
338 367
122 114
80 82
20 38
4 10
2 12
8 44
270 299
2 29
2 24
100 96
16 0
132 171
12 8
2 6
2 1
10 16
8 22
6 29
2 33
2 12
6 25
6 18
453 416
128 117
2 18
7 2
106 154
156 168
5 49
24 20
6 0
5 5
2 2
2 16
468 455
8 56
8 12
36 63
6 77
2 16
408 426
31 16
152 204
2 18
4 1
4 26
68 114
6 44
8 8
2 5
13 22
4 4
20 24
29 53
2 6
4 0
5 8
7 27
20 2
442 545
180 186
4 14
4 4
20 20
6 1
7 10
188 223
2 3
72 49
2 10
20 33
2 2
10 20
289 310
6 8
6 39
8 8
4 41
5 22
34 33
2 38
8 22
28 10
40 31
2 44
76 42
8 40
2 8
4 27
8 14
6 16
2 1
2 20
2 5
20 14
8 10
14 8
2 16
2 3
2 0
4 8
14 77
2 35
2 33
14 20
162 186
6 4
2 6
8 8
2 14
8 38
41 56
52 74
8 12
4 20
2 33
3 18
2 4
2 31
94 146
22 8
20 27
332 338
4 22
30 35
3 12
4 5
4 18
18 50
12 31
2 22
10 14
72 33
8 45
2 10
8 4
8 10
2 12
4 10
4 16
404 350
2 8
104 79
118 104
3 2
5 35
10 5
96 94
4 3
4 20
2 39
12 14
2 10
10 2
28 12
2 3
13 20
20 8
239 270
2 28
4 28
2 4
8 10
2 10
90 109
20 49
2 30
12 14
17 42
324 346
4 0
20 72
4 12
210 163
20 18
2 2
8 10
20 49
184 171
20 44
6 20
4 53
20 70
9 2
2 0
20 70
4 16
2 14
2 25
2 1
209 180
4 18
2 0
20 53
30 42
20 31
2 1
20 33
2 24
2 16
2 22
20 16
4 16
14 47
2 0
3 12
14 5
43 18
12 1
82 84
2 25
31 42
6 12
358 346
44 56
2 0
76 84
214 180
2 20
60 22
2 14
142 143
2 16
4 14
147 124
10 35
2 35
62 63
2 0
28 49
20 5
3 26
4 3
3 22
2 20
2 22
66 70
6 22
3 4
82 72
24 16
2 22
62 79
2 12
4 12
17 3
12 33
10 5
4 12
12 2
120 111
6 10
6 25
37 79
2 4
2 12
2 33
20 58
4 1
2 29
167 201
334 334
2 47
426 431
2 8
8 0
3 61
3 0
2 6
15 74
246 249
4 8
2 44
2 16
10 44
164 117
10 18
20 38
4 0
14 22
151 138
4 29
443 551
202 220
16 29
15 47
6 1
20 16
53 74
19 4
2 0
4 35
220 260
6 44
20 18
3 18
2 27
9 12
48 67
24 29
216 183
92 117
2 14
4 35
2 44
2 26
2 10
3 16
8 5
2 14
246 186
2 20
4 8
4 18
2 28
24 25
2 20
226 183
4 3
2 8
70 79
2 35
2 24
10 12
2 16
50 63
4 16
20 27
20 33
10 28
2 30
4 16
4 8
28 31
4 8
4 12
184 174
256 266
2 12
2 14
2 12
18 18
10 14
4 42
112 104
20 58
3 12
4 20
3 6
20 35
8 33
2 48
8 2
10 33
2 22
8 22
8 20
2 14
39 29
6 28
2 8
5 37
20 8
20 65
5 14
6 10
2 0
260 236
15 6
14 20
90 67
100 77
16 12
8 10
186 122
8 42
8 8
4 37
20 35
4 22
9 18
32 35
149 99
2 16
10 29
2 14
195 180
9 33
2 47
4 22
110 130
2 0
20 25
2 1
2 8
2 4
3 3
20 27
3 45
2 41
4 31
2 12
4 20
2 26
2 10
8 5
26 56
168 157
2 16
34 86
6 5
4 38
12 18
134 114
8 8
76 82
474 466
16 8
2 3
125 77
58 99
12 1
3 20
2 3
15 27
288 277
106 104
4 29
2 31
8 16
126 122
2 70
4 10
356 334
44 40
16 40
52 56
128 127
440 354
10 8
4 22
8 10
66 47
20 27
8 20
12 8
52 91
4 6
4 31
6 14
6 52
196 204
162 174
2 12
24 8
14 18
2 20
172 220
2 18
20 12
50 38
4 5
6 35
2 2
78 84
147 207
16 18
20 16
6 1
10 14
2 44
9 2
176 122
8 5
24 49
20 65
20 14
28 25
128 183
108 143
10 35
20 3
20 18
2 8
4 18
60 44
72 114
2 33
277 292
3 45
12 31
70 20
2 10
9 26
2 14
2 4
328 367
2 20
2 22
204 154
8 14
2 24
3 4
2 49
25 35
51 58
160 151
12 29
2 44
378 375
4 5
2 43
102 67
3 10
36 20
403 455
44 27
56 25
110 146
290 266
4 1
20 31
4 18
2 22
2 16
6 42
8 31
4 8
101 99
438 461
234 213
8 27
12 29
2 6
6 12
9 20
4 20
102 96
8 8
20 40
3 12
2 3
70 84
282 288
2 18
107 127
4 1
23 22
8 40
2 44
2 29
314 314
201 171
2 41
41 42
134 183
4 18
2 29
12 22
2 45
4 27
4 3
2 22
2 18
3 10
8 20
4 20
2 47
18 33
12 16
4 8
3 10
4 38
6 0
8 10
4 25
20 10
4 25
5 29
54 47
453 455
4 14
16 8
2 14
10 38
6 16
2 33
4 0
12 27
20 14
4 16
4 0
8 12
4 10
20 35
2 33
5 10
2 0
2 12
3 12
2 20
44 0
10 1
106 82
216 220
70 56
4 22
4 16
122 165
6 31
5 3
8 29
18 31
10 8
4 27
4 43
4 47
20 2
6 25
12 22
20 25
4 6
2 8
39 35
2 5
30 35
6 8
54 67
76 65
2 8
4 20
20 10
20 22
2 31
62 40
2 61
5 31
46 63
2 38
440 407
136 138
4 3
166 143
10 8
2 30
248 239
4 16
2 0
6 0
4 22
8 18
4 18
394 487
5 16
2 33
2 6
2 25
4 1
8 18
112 140
14 20
32 49
3 0
3 67
219 236
2 31
2 24
3 24
5 25
20 25
144 111
20 38
150 177
2 20
25 18
8 10
8 33
492 487
20 29
8 47
2 25
2 10
35 20
4 25
16 26
146 165
4 6
16 8
2 22
2 6
6 20
28 22
4 16
3 38
14 29
3 28
20 29
2 6
373 389
4 12
2 20
2 39
4 35
12 42
2 8
4 33
9 20
4 14
2 8
4 29
2 12
12 29
6 0
2 14
4 1
29 31
8 5
2 16
5 3
20 22
20 10
4 10
462 521
2 16
8 20
10 8
4 1
20 6
8 0
324 326
12 20
8 18
3 20
410 346
2 4
12 3
24 16
4 0
20 10
6 33
4 12
8 35
8 10
184 204
4 31
48 58
126 119
2 38
458 498
24 33
2 0
2 3
8 5
2 6
20 27
4 31
2 12
6 31
10 47
362 350
254 314
32 1
2 10
3 22
8 22
3 10
249 281
2 40
188 174
66 124
2 41
2 4
2 0
4 31
12 53
12 29
176 154
2 25
36 42
88 149
3 8
196 138
176 114
4 10
6 12
41 42
14 18
8 44
6 20
10 4
2 24
8 35
9 20
444 450
6 27
16 8
4 10
4 25
2 10
47 49
102 106
6 4
2 10
2 29
36 6
2 3
8 12
2 16
3 16
20 60
2 10
2 24
116 127
20 8
20 47
2 2
15 25
2 12
4 33
2 20
2 14
368 380
468 482
2 25
206 243
146 171
3 29
4 24
6 3
2 27
46 44
2 10
2 5
37 31
190 149
4 14
15 31
230 201
4 4
52 79
4 44
226 246
60 119
340 326
2 31
2 4
2 24
2 1
4 33
2 12
4 20
2 0
2 3
26 38
200 154
16 14
150 163
4 50
20 16
3 12
50 65
4 0
214 239
2 16
5 12
9 2
12 67
226 253
20 8
4 43
2 14
4 12
95 119
2 2
2 20
4 14
383 476
2 5
2 33
20 42
2 1
32 25
24 1
6 12
20 27
236 210
2 5
20 20
4 3
2 10
56 77
2 20
6 12
4 5
456 504
2 48
2 8
4 8
9 0
12 33
10 25
4 6
2 31
2 16
4 24
12 20
14 22
144 149
82 67
4 24
30 8
2 20
8 8
2 30
2 12
2 8
56 22
2 3
12 35
4 3
42 56
31 42
20 25
4 22
2 6
6 2
6 30
10 33
492 527
2 20
8 4
9 0
4 33
44 18
2 18
8 14
61 53
2 20
11 60
9 25
2 5
72 63
4 3
2 41
21 14
10 12
237 229
244 243
104 67
8 12
2 8
2 1
2 44
2 6
2 16
6 26
8 10
2 8
36 53
364 384
2 3
2 35
20 25
20 42
4 24
2 8
2 29
34 42
16 56
2 16
2 0
6 4
150 183
21 27
4 1
3 2
10 8
4 22
8 42
320 346
13 4
6 10
4 40
64 65
2 16
2 12
114 94
24 40
18 12
2 8
9 31
20 20
3 1
2 20
6 2
6 18
4 20
12 14
2 16
2 25
2 53
2 14
122 143
432 445
8 6
16 16
10 12
2 20
48 51
2 8
204 201
4 8
4 54
8 12
14 3
14 18
200 183
2 25
2 24
194 198
16 20
24 40
4 14
6 1
16 47
4 29
2 47
7 14
20 65
2 31
5 1
2 1
5 27
330 354
264 292
48 18
16 47
80 60
36 20
8 20
498 515
2 10
258 284
38 104
4 5
346 389
12 31
2 10
14 8
42 56
8 12
10 18
4 16
3 12
20 42
104 79
2 18
304 318
2 22
60 56
160 157
2 5
2 44
4 5
20 4
60 114
2 28
4 6
380 407
72 67
13 25
64 44
220 195
484 492
2 53
8 33
2 28
102 124
30 72
2 22
346 342
2 4
4 18
466 492
70 86
4 18
140 174
2 24
26 51
2 48
88 111
2 22
20 49
20 16
11 8
104 79
6 38
2 20
11 38
2 12
4 3
4 14
2 18
5 6
257 204
6 25
2 8
220 192
204 174
3 18
128 140
2 12
29 65
2 22
2 31
3 53
20 82
180 154
20 27
20 12
4 10
204 154
2 16
20 16
4 28
6 0
32 58
8 47
2 47
150 122
228 223
436 416
166 163
2 10
2 20
2 6
10 20
4 6
19 12
8 10
4 4
2 12
2 33
204 236
46 12
111 74
9 22
34 31
188 201
2 49
2 8
4 30
14 47
20 22
20 40
2 5
20 47
4 59
3 20
3 28
4 10
49 58
2 1
2 14
3 20
26 18
2 18
8 0
2 20
10 20
62 96
35 29
6 47
16 29
2 14
2 6
2 14
8 33
179 171
9 25
2 2
3 31
408 402
23 29
2 3
3 49
2 6
34 31
20 25
20 44
2 40
5 10
2 16
2 14
160 160
24 65
20 42
2 2
2 5
2 8
2 20
4 10
20 20
6 10
12 65
6 25
20 10
4 5
20 58
8 1
112 104
2 40
4 18
3 18
9 31
6 22
13 29
20 99
257 292
20 42
2 5
2 53
20 72
20 14
4 6
4 1
6 12
2 26
28 25
22 38
4 10
4 33
76 91
6 38
34 33
33 18
2 0
6 14
116 84
2 12
2 26
2 8
2 5
20 16
140 119
6 27
2 10
66 67
18 8
6 8
20 0
6 16
10 6
2 8
72 124
2 65
2 4
4 8
11 5
8 16
4 1
2 18
148 135
20 0
20 1
48 82
2 10
112 127
2 14
2 3
132 143
118 146
7 14
10 16
8 3
6 4
16 26
6 35
20 18
80 79
22 14
394 426
4 26
2 29
162 253
45 10
26 5
2 12
4 35
5 5
262 260
15 40
4 5
10 33
110 114
2 51
26 27
4 18
4 0
85 138
4 40
224 239
2 22
10 8
2 30
124 135
98 109
70 38
4 8
2 4
20 29
2 25
2 1
20 56
188 195
10 25
26 10
20 4
20 42
216 260
436 421
2 61
16 70
3 16
20 42
24 0
20 4
6 33
8 29
2 8
4 8
2 28
6 8
106 146
20 40
3 18
6 47
2 22
6 14
14 31
14 47
4 4
2 35
6 14
2 16
110 106
2 30
6 39
337 358
20 45
2 4
398 435
20 56
126 132
2 3
12 16
4 14
20 49
8 24
3 22
32 22
4 22
2 6
190 160
482 421
20 31
2 8
334 330
2 0
4 5
2 18
2 3
20 8
20 56
4 28
2 12
4 20
20 31
2 37
2 35
146 138
2 8
166 174
18 42
4 0
12 6
348 367
4 20
2 26
20 49
8 10
20 20
284 281
2 2
106 106
2 35
4 43
2 3
90 70
17 8
100 94
38 38
6 26
86 77
3 16
3 35
14 1
400 426
376 346
112 104
24 16
9 5
187 171
2 8
3 8
2 20
20 8
93 135
2 14
2 33
106 140
2 44
130 63
12 6
8 12
20 14
4 10
4 14
14 5
22 60
4 4
4 12
8 2
144 151
12 14
3 29
6 10
4 47
68 96
60 67
8 12
4 14
6 25
2 14
2 8
64 53
2 20
10 8
24 22
4 12
362 350
3 24
20 12
2 12
100 60
422 407
4 1
4 3
103 91
9 47
8 30
68 60
30 10
2 4
8 10
6 20
2 79
2 12
2 63
4 12
6 27
5 0
8 10
314 292
2 5
20 14
4 16
2 6
6 12
2 16
2 4
2 5
44 51
12 51
272 207
62 101
16 20
16 0
4 3
2 6
100 99
4 8
20 56
2 5
166 195
20 63
8 1
448 393
2 14
2 5
2 29
3 10
3 35
2 25
4 22
2 2
2 3
2 0
2 0
2 3
2 8
2 10
2 18
8 10
3 5
6 22
16 5
40 16
166 91
20 16
8 12
2 12
2 14
186 210
12 28
4 14
2 18
2 40
124 140
4 22
10 16
42 47
6 18
26 42
22 6
6 0
154 171
44 35
2 14
2 37
232 226
4 10
76 74
74 74
4 2
24 67
4 16
2 31
19 12
4 8
8 5
8 67
218 236
28 31
18 1
24 25
20 8
4 12
2 10
48 29
194 223
2 16
7 45
20 1
4 1
10 18
163 165
6 10
4 2
20 33
60 99
20 1
2 8
2 10
96 119
20 42
2 6
5 0
2 30
431 421
22 72
20 25
2 47
2 6
2 56
236 246
20 16
2 18
277 260
20 6
10 52
6 6
22 70
4 22
4 8
6 22
36 27
2 4
2 8
4 3
20 0
20 44
184 207
12 6
150 119
2 1
2 8
11 3
118 84
6 12
2 14
2 10
2 38
4 27
6 8
2 8
20 10
3 6
174 135
2 38
10 12
20 31
4 12
4 39
4 8
56 47
3 37
12 51
2 10
14 42
2 5
4 33
52 49
420 384
3 3
2 16
2 0
2 12
3 18
2 4
2 6
6 10
20 22
2 5
20 3
44 22
2 8
6 8
32 40
337 322
58 101
4 35
20 16
6 10
2 22
10 1
242 201
3 20
8 8
2 28
2 31
4 8
2 45
20 16
5 1
2 43
196 171
4 16
4 20
8 12
336 367
4 31
4 1
98 104
8 22
2 41
2 12
4 37
2 6
4 18
2 14
20 3
2 26
2 20
2 5
2 3
10 8
2 20
2 16
6 5
2 0
20 8
102 114
6 14
2 22
116 149
112 106
8 38
8 6
2 4
2 14
10 3
55 70
188 201
2 22
3 33
2 38
10 26
8 49
3 16
2 1
2 20
2 2
2 16
10 5
4 22
8 8
6 10
20 1
2 20
20 27
192 223
2 25
2 27
239 249
3 1
4 8
2 6
8 25
2 22
2 6
10 2
20 20
2 35
8 47
6 18
8 16
6 24
48 40
6 49
2 27
20 25
66 56
8 16
3 3
44 31
2 43
54 33
110 104
2 8
2 5
2 24
14 5
4 14
160 130
6 3
122 114
20 84
2 8
2 63
21 47
2 16
252 226
178 160
410 435
2 10
2 18
54 12
2 18
20 8
4 42
33 40
8 56
2 3
417 440
20 82
160 192
2 8
20 18
9 0
6 22
124 106
2 35
16 49
2 25
28 25
8 12
378 393
94 104
4 67
2 40
4 49
4 6
28 35
54 53
20 25
2 16
2 22
234 210
4 1
38 25
50 18
166 122
42 35
2 31
12 20
2 40
138 122
2 10
4 18
102 117
2 35
486 455
136 109
28 25
2 20
17 18
20 29
2 16
2 12
60 74
20 33
4 10
2 5
74 65
2 8
20 49
2 42
4 16
4 18
2 1
2 6
8 53
12 31
2 51
2 14
156 165
52 49
2 1
2 1
371 358
20 2
22 49
17 31
6 27
4 18
192 189
3 30
9 3
4 42
312 292
2 47
10 18
2 22
2 12
2 4
130 135
2 12
2 0
6 8
144 146
20 16
4 8
3 20
20 8
4 6
20 8
2 31
64 109
4 2
2 5
14 1
452 411
20 12
4 4
2 18
2 2
40 18
15 10
232 201
4 14
20 20
2 12
2 20
129 124
468 440
2 12
2 33
20 28
4 38
110 104
4 44
4 27
442 416
354 346
9 31
74 99
10 44
2 10
4 5
2 12
20 42
12 10
2 31
14 20
20 8
312 295
2 37
12 5
10 3
8 4
188 174
10 5
6 38
20 12
4 27
20 35
28 40
10 22
4 20
2 2
12 42
2 33
4 1
412 393
2 38
5 10
2 29
8 8
8 5
4 25
38 14
20 18
20 77
2 39
2 22
4 16
2 20
2 3
100 94
2 22
120 122
260 243
20 51
2 33
20 47
326 322
20 31
2 12
10 6
2 37
8 4
6 41
12 35
20 5
2 58
6 2
16 22
2 10
20 26
206 192
16 22
4 8
170 149
6 41
2 14
4 18
6 14
2 22
40 33
2 6
4 12
10 10
132 174
2 10
2 6
36 25
290 292
32 49
10 16
4 0
12 8
40 38
100 44
480 492
134 132
2 14
2 20
2 8
2 33
3 18
4 1
164 186
20 33
4 5
20 4
16 33
320 306
6 10
2 20
40 22
2 20
2 20
2 12
2 31
7 40
4 12
20 29
8 30
4 14
12 42
485 538
272 284
14 49
92 94
20 44
260 239
4 4
2 8
8 10
112 146
46 12
2 10
2 3
2 22
2 25
2 10
2 18
3 10
8 6
2 14
28 27
3 56
2 26
148 160
2 12
2 2
2 24
6 10
4 22
6 5
416 431
8 16
220 233
8 4
332 274
2 51
6 40
2 25
2 2
4 33
2 25
20 35
4 35
28 53
8 12
20 4
161 163
2 2
414 416
9 43
8 16
110 163
4 3
2 6
2 6
6 0
2 1
2 58
4 16
9 8
270 263
3 5
364 354
4 2
8 6
60 82
2 10
2 30
2 18
2 0
4 31
2 10
10 18
2 0
10 65
8 12
22 58
2 49
20 33
29 33
2 27
2 84
2 4
20 49
20 22
178 122
8 29
3 12
22 0
216 201
28 35
4 10
16 22
6 25
2 28
2 12
9 49
2 33
50 44
2 18
2 20
2 12
2 10
34 35
4 26
20 77
2 20
2 20
4 18
2 26
144 165
116 124
2 1
2 12
6 33
22 22
8 31
2 5
2 10
66 67
436 455
160 130
2 5
4 20
16 27
2 12
6 5
3 8
2 10
2 12
4 31
2 38
32 38
20 10
20 5
20 20
2 18
148 127
8 12
4 3
20 22
4 33
2 18
2 16
146 195
4 43
2 4
14 25
6 35
3 14
2 16
4 18
6 14
4 3
10 10
2 18
6 29
16 27
24 31
64 86
2 0
8 1
2 5
2 8
6 16
88 65
6 18
6 38
2 5
84 74
2 14
4 14
4 1
2 31
146 168
6 38
4 53
2 16
268 303
2 22
2 31
12 12
8 8
4 20
18 42
120 111
20 29
2 3
148 146
2 6
4 8
12 33
72 56
20 25
4 0
2 20
8 8
2 22
10 12
8 4
4 33
258 229
2 4
12 1
2 16
208 220
20 12
2 24
58 79
2 4
170 183
2 16
2 0
2 52
2 22
2 2
20 3
2 37
2 2
2 12
2 0
2 33
20 10
56 47
4 8
12 14
2 5
88 101
12 16
8 22
20 4
20 42
28 49
8 8
92 101
6 30
20 4
2 10
222 246
4 22
2 10
4 20
6 10
494 466
6 25
368 318
2 33
4 2
4 10
14 10
148 146
206 243
20 35
2 14
4 20
90 60
2 22
4 8
2 3
2 20
20 20
8 44
116 119
4 8
4 6
2 8
2 67
24 77
4 14
2 8
132 157
20 25
4 3
4 49
160 140
58 63
220 239
4 30
120 77
2 18
2 20
48 40
8 20
20 29
4 8
2 26
2 38
3 14
128 138
16 3
20 53
2 22
20 18
136 157
2 5
3 16
4 3
4 26
2 37
2 3
3 18
2 12
436 350
2 1
12 29
4 22
2 44
48 49
2 33
136 135
2 6
20 28
116 140
4 37
386 367
394 411
2 28
8 6
66 77
4 31
234 233
2 29
2 12
20 16
2 40
3 3
122 106
2 12
2 5
20 5
6 8
146 157
20 33
2 27
8 16
315 342
6 25
134 127
20 35
16 16
2 33
2 5
4 16
2 41
4 30
20 51
20 58
12 31
38 40
2 8
46 63
12 14
2 4
25 20
20 12
12 18
38 63
92 56
8 35
324 354
2 28
4 60
4 104
2 6
42 16
242 239
2 27
102 89
16 47
12 22
2 33
2 8
384 334
64 77
2 35
2 25
10 12
6 42
2 1
5 14
2 8
4 4
4 31
8 51
4 16
9 35
220 195
12 27
6 8
2 37
4 5
32 18
2 24
8 22
3 0
2 24
12 25
12 1
4 10
8 10
104 124
40 44
2 40
20 4
74 44
2 1
2 52
320 295
18 22
148 195
4 20
282 266
24 51
2 3
460 445
8 65
34 16
66 70
8 5
2 20
36 27
2 26
8 5
10 29
2 33
2 38
20 63
10 14
10 6
2 16
16 22
4 30
20 16
12 51
2 20
110 122
34 5
6 29
214 201
20 12
2 2
4 0
2 12
2 12
2 30
4 5
458 466
4 14
4 8
2 6
6 37
2 6
2 26
8 40
2 3
81 63
2 0
2 10
20 47
4 29
272 277
24 29
2 2
2 8
20 4
4 4
3 1
2 8
2 8
4 0
44 40
152 180
8 47
4 10
250 295
2 0
46 53
6 33
24 38
2 3
32 22
30 33
306 292
20 49
2 3
2 20
20 20
4 20
2 1
2 31
2 30
4 18
96 96
4 26
42 47
6 37
14 14
2 24
6 12
12 38
2 8
4 18
2 4
18 16
14 35
26 2
128 157
2 12
2 26
172 151
96 79
26 27
116 163
2 1
14 16
2 6
8 20
132 106
4 5
20 29
128 130
2 8
8 10
2 10
2 10
4 8
32 29
2 8
20 20
2 3
62 72
3 25
3 42
10 27
2 14
20 47
2 0
6 0
4 3
2 47
104 124
26 42
4 16
4 8
36 67
2 1
2 22
9 25
2 37
6 27
4 4
2 8
20 12
2 22
4 28
2 16
8 18
4 70
24 10
10 22
10 3
50 18
4 1
2 12
2 22
110 135
2 14
28 0
106 89
2 53
362 407
414 398
2 35
2 2
2 14
2 20
62 42
20 5
20 29
130 160
4 31
2 20
2 22
2 0
10 29
10 33
4 5
2 10
152 165
2 10
2 4
2 6
44 47
2 8
6 0
2 70
252 239
2 18
2 1
18 12
242 243
2 35
2 20
2 10
4 2
20 25
2 5
3 20
2 14
20 22
20 27
20 20
32 29
4 2
2 14
4 18
6 26
128 117
6 6
2 28
13 29
2 29
8 2
2 29
2 22
4 10
2 18
156 101
2 30
20 12
4 14
20 38
2 27
20 44
2 5
20 51
20 28
16 33
4 58
144 99
298 277
260 274
24 8
2 16
2 25
8 12
8 0
8 28
20 63
32 29
326 277
20 18
114 77
4 42
20 42
2 22
386 367
8 4
6 22
52 8
8 28
2 45
10 1
4 16
6 25
3 39
4 3
14 35
2 1
2 26
4 29
20 31
20 14
4 44
2 14
20 20
106 94
8 22
2 5
2 27
2 8
20 4
4 4
40 42
4 25
20 58
2 22
2 12
4 6
2 10
2 2
2 18
2 35
160 104
136 154
16 25
2 4
2 33
4 10
2 27
2 8
172 195
2 16
2 44
20 16
320 322
4 14
72 60
2 10
2 33
4 27
4 10
10 31
4 44
14 14
14 0
4 29
128 135
20 31
20 33
48 38
6 63
2 8
4 4
112 111
2 1
152 130
10 14
134 149
2 20
4 12
4 14
6 14
366 338
134 146
2 10
10 0
10 14
2 31
56 96
2 31
2 41
6 35
112 149
78 58
116 130
2 31
110 154
28 8
20 8
132 132
2 49
20 1
2 10
8 2
10 14
2 1
36 29
2 33
78 140
2 18
2 10
2 8
4 5
4 18
21 4
2 10
2 41
4 14
474 461
86 65
8 20
142 160
4 10
84 109
22 20
2 49
12 25
20 18
18 58
4 2
2 6
4 3
2 8
2 6
2 37
2 14
66 122
4 31
2 4
20 2
8 10
12 27
4 29
2 24
4 40
56 53
2 10
20 8
4 20
168 157
20 18
2 2
6 65
2 10
20 16
2 28
10 28
20 33
14 18
2 20
2 1
4 0
194 195
20 0
388 350
2 4
4 42
2 1
44 63
20 14
20 31
2 5
6 5
2 18
2 39
2 28
86 114
218 263
8 14
10 0
140 132
2 5
2 30
8 37
2 12
4 0
106 157
2 0
4 31
118 114
20 1
18 53
480 487
192 177
22 26
2 33
162 140
112 117
52 51
278 246
2 8
32 77
2 30
20 4
58 56
4 5
2 12
2 6
332 314
140 124
2 10
2 4
2 8
20 33
107 192
20 0
2 28
2 40
16 42
30 65
2 24
6 33
2 25
14 0
304 303
2 2
362 342
2 3
6 16
440 421
10 5
10 18
10 38
6 8
152 119
238 277
2 29
4 33
2 14
2 12
2 30
18 27
70 79
2 30
6 27
312 314
424 393
42 49
3 25
4 20
2 16
6 12
8 22
10 1
2 14
126 135
4 20
296 318
42 38
259 246
62 16
2 29
2 10
2 8
162 146
12 40
144 111
20 10
24 10
244 299
42 74
2 20
24 5
62 60
15 33
4 3
2 8
16 42
2 50
24 33
8 12
6 12
21 29
24 33
14 8
220 198
20 49
20 42
2 18
8 16
12 30
36 47
2 10
2 27
4 41
2 27
36 49
2 14
198 201
6 31
2 20
20 18
50 14
2 47
4 0
3 12
4 3
400 393
276 277
20 47
10 5
3 16
2 26
20 4
2 14
184 195
2 8
24 31
2 14
284 310
58 70
2 38
2 10
170 157
20 25
20 8
108 154
20 8
20 35
10 37
114 174
2 6
2 1
2 8
348 363
2 3
2 26
126 56
4 5
8 5
50 84
4 27
2 24
4 1
128 146
2 12
2 1
2 3
2 58
2 5
22 51
6 22
2 8
10 1
2 6
2 8
8 0
48 22
72 99
2 2
2 8
20 20
2 16
20 77
4 18
2 6
12 25
6 2
2 8
26 27
20 18
8 14
4 40
2 18
8 14
4 20
24 38
94 143
14 1
2 20
12 44
2 0
20 72
2 5
2 27
2 48
352 389
4 3
2 29
20 4
4 12
2 0
142 157
2 16
2 10
2 1
8 35
4 24
4 33
14 1
4 53
6 10
160 143
2 20
2 8
20 18
2 18
264 306
4 5
182 174
20 20
2 12
2 27
2 30
10 30
324 306
20 20
232 246
220 236
30 56
272 295
8 12
20 0
2 3
3 25
2 20
10 56
2 25
6 12
8 16
36 35
118 135
2 35
2 0
2 0
12 12
2 5
132 213
2 16
162 140
172 124
56 53
3 10
4 18
2 37
20 8
20 29
2 0
4 14
2 5
276 306
2 14
4 8
6 89
22 79
2 10
4 56
148 146
2 12
8 31
2 0
48 49
26 35
20 38
2 4
4 8
398 375
42 58
2 5
116 143
4 16
8 1
58 31
2 3
4 14
2 14
8 12
52 70
2 22
150 127
150 171
20 20
8 14
48 42
20 79
4 44
6 31
122 122
48 65
2 10
112 171
52 44
23 3
2 8
4 12
2 12
2 0
4 8
4 10
164 132
4 38
2 12
4 28
26 12
2 3
46 29
4 10
4 3
2 4
20 47
2 22
4 27
8 1
2 8
4 8
2 20
20 38
4 44
20 29
4 14
3 12
2 5
2 14
44 49
8 16
2 5
20 4
2 10
2 31
24 25
8 12
2 2
4 22
10 3
4 40
244 226
8 2
76 82
8 3
6 4
20 20
2 10
2 26
8 14
2 16
2 42
174 149
2 58
10 10
2 8
2 40
224 223
8 16
2 8
2 3
20 20
2 5
6 26
2 2
2 33
12 2
8 3
20 1
6 28
20 25
18 31
2 28
4 6
4 35
2 10
6 0
8 12
6 10
2 1
400 346
2 2
44 53
306 363
4 14
118 109
6 16
2 12
4 25
10 16
16 29
2 10
106 99
20 18
4 12
10 2
2 18
20 53
32 40
128 114
20 40
2 12
18 2
374 384
354 330
8 30
2 3
2 14
2 2
2 10
2 18
128 138
24 16
2 6
2 56
